23
75
32
20
86
1
80
80
2
75
46
50
37
35
43
83
86
71
78
23
5
35
50
45
100
47
51
19
43
43
4
39
71
29
85
72
87
15
12
10
80
21
56
87
14
89
31
92
8
70
12
15
29
89
23
43
76
84
94
46
51
98
4
71
20
94
63
100
13
100
84
62
42
21
55
19
57
32
74
83
21
85
78
77
63
61
8
44
55
41
46
100
63
82
16
90
84
95
29
52
30
69
34
83
86
0
31
91
68
14
45
20
4
19
15
100
11
65
74
100
67
23
77
77
80
96
64
87
77
76
86
5
77
27
20
46
78
65
63
54
45
98
59
77
50
90
43
2
45
47
68
25
29
82
20
16
70
74
14
13
63
64
7
83
12
25
50
60
10
18
62
49
86
45
85
91
41
24
87
21
76
1
6
27
27
59
7
2
94
72
13
92
25
59
6
92
100
48
58
97
31
